MFCC_BEGIN

-7.204232,3.606486,-1.510971,-0.650843,-1.819667,-0.738560,-0.942421,-4.569884,-0.500347,3.739037,1.627552,1.154076,0.126946

-7.412865,3.342189,-1.335993,-1.022273,-2.320542,-0.703038,-0.883247,-4.628495,-0.506462,3.831039,1.892969,1.301360,-0.191769

-6.322178,2.875090,-1.114880,-0.564798,-1.664544,-0.641640,-1.311015,-4.464654,-0.181136,3.703538,1.705789,1.189506,0.034466

-7.014557,3.352710,-1.862959,-1.069753,-2.129513,-0.829731,-0.490761,-4.102431,-0.168268,4.215239,2.007473,1.296142,0.121377

-5.862086,2.257481,-1.514860,-1.053124,-1.944769,-0.702251,-1.077216,-4.024124,0.103039,3.956695,2.071758,1.346368,-0.022525

-6.340170,3.617795,-1.504849,-0.638640,-1.815702,-0.733355,-0.945167,-4.576621,-0.494188,3.747188,1.628625,1.154569,0.126397

-6.573451,3.351565,-1.340128,-1.022875,-2.324967,-0.706016,-0.874465,-4.627485,-0.511585,3.832710,1.893830,1.301483,-0.191199

-5.479609,2.860784,-1.120897,-0.575211,-1.668611,-0.643934,-1.309376,-4.457039,-0.184863,3.695813,1.706026,1.190242,0.035138

-6.208721,3.343010,-1.862515,-1.066369,-2.125695,-0.831967,-0.497021,-4.101362,-0.164242,4.214838,2.009380,1.294690,0.119460

-5.099375,2.266576,-1.511619,-1.051304,-1.946175,-0.699920,-1.075170,-4.028269,0.102629,3.960497,2.071922,1.345914,-0.023936

-5.602286,3.627038,-1.501331,-0.630003,-1.812670,-0.729810,-0.946867,-4.582207,-0.489854,3.753171,1.628708,1.154939,0.125924

-5.850732,3.358665,-1.343349,-1.025107,-2.330544,-0.706661,-0.867260,-4.626003,-0.517038,3.832263,1.892415,1.301780,-0.189255

-4.756624,2.850335,-1.125617,-0.582620,-1.671545,-0.645658,-1.308234,-4.451442,-0.186974,3.689963,1.706551,1.190514,0.035714

-5.512137,3.333519,-1.862425,-1.064212,-2.122169,-0.833199,-0.501237,-4.097600,-0.161892,4.216043,2.011796,1.293289,0.117935

-4.436194,2.273381,-1.510267,-1.050105,-1.946825,-0.698366,-1.072735,-4.030269,0.102722,3.963355,2.072067,1.346025,-0.025322

-4.957296,3.633231,-1.498176,-0.623668,-1.810353,-0.727285,-0.948463,-4.586128,-0.486379,3.757387,1.628897,1.155015,0.125271

-5.218217,3.363938,-1.346489,-1.025656,-2.333830,-0.708630,-0.862035,-4.625011,-0.521152,3.832079,1.892524,1.301912,-0.188773

-4.123182,2.842014,-1.129168,-0.588604,-1.673696,-0.647148,-1.307218,-4.447272,-0.188821,3.685258,1.706711,1.191003,0.036205

-4.900085,3.327349,-1.861975,-1.063363,-2.120034,-0.834155,-0.504217,-4.096478,-0.159825,4.215824,2.013174,1.292366,0.117419

-3.848439,2.279162,-1.508822,-1.049814,-1.948054,-0.696535,-1.070622,-4.032133,0.102502,3.964546,2.071798,1.346484,-0.025571

-4.384594,3.638023,-1.495370,-0.618555,-1.809022,-0.724744,-0.949335,-4.589678,-0.483475,3.760631,1.629140,1.155534,0.124239

-4.654733,3.367684,-1.347303,-1.027475,-2.336730,-0.709540,-0.857093,-4.624733,-0.523845,3.830997,1.892517,1.301827,-0.187460

-3.560132,2.835717,-1.132111,-0.593150,-1.675580,-0.648248,-1.306568,-4.444014,-0.190257,3.681798,1.706833,1.191023,0.036495

-4.353212,3.322685,-1.861607,-1.062053,-2.118386,-0.834876,-0.507454,-4.095418,-0.158575,4.215960,2.013288,1.292828,0.115687

-3.322022,2.283743,-1.507006,-1.049151,-1.948426,-0.695989,-1.069627,-4.034736,0.102056,3.966289,2.071160,1.346633,-0.026504

-3.869611,3.641419,-1.493329,-0.614355,-1.807894,-0.723038,-0.950815,-4.592102,-0.481765,3.763531,1.629050,1.155645,0.123571

-4.147928,3.371398,-1.349434,-1.028842,-2.338905,-0.710644,-0.852827,-4.623866,-0.525925,3.829628,1.892614,1.301851,-0.186380

-3.053302,2.830883,-1.134616,-0.596992,-1.677167,-0.649116,-1.306240,-4.441319,-0.191314,3.678621,1.706995,1.191327,0.036996

-3.859531,3.318817,-1.861620,-1.060949,-2.116469,-0.836190,-0.509176,-4.095011,-0.157145,4.215964,2.013898,1.292257,0.114708

-2.844389,2.287859,-1.506636,-1.048591,-1.949315,-0.694917,-1.068251,-4.035774,0.101735,3.966488,2.071373,1.346305,-0.026190

-3.402391,3.645403,-1.491808,-0.611055,-1.806309,-0.721734,-0.951275,-4.594004,-0.480247,3.766082,1.629098,1.156193,0.123521

-3.686903,3.373913,-1.350985,-1.028899,-2.340984,-0.711005,-0.850834,-4.623289,-0.528181,3.830241,1.892015,1.302341,-0.186572

-2.592021,2.826140,-1.136226,-0.599890,-1.678496,-0.649751,-1.305929,-4.438945,-0.192239,3.676603,1.706890,1.191019,0.037068

-3.408869,3.314994,-1.861754,-1.060505,-2.115373,-0.836048,-0.511349,-4.093388,-0.155954,4.215832,2.014155,1.292397,0.114243

-2.407898,2.290913,-1.505453,-1.048809,-1.950120,-0.694062,-1.067256,-4.037012,0.101136,3.967613,2.070750,1.346571,-0.026519

-2.974116,3.647901,-1.490624,-0.607987,-1.805623,-0.720503,-0.952237,-4.595860,-0.479024,3.768178,1.629168,1.156284,0.122867

-3.264093,3.376174,-1.351778,-1.029840,-2.342660,-0.711885,-0.847384,-4.623582,-0.529168,3.829293,1.892168,1.302488,-0.186083

-2.169262,2.822720,-1.137907,-0.602620,-1.679367,-0.650584,-1.305050,-4.437203,-0.193151,3.674531,1.707285,1.191182,0.037434

-2.996146,3.312849,-1.861413,-1.059833,-2.114371,-0.836963,-0.512257,-4.093597,-0.155442,4.216414,2.014708,1.291572,0.113638

-2.005754,2.294044,-1.505064,-1.048234,-1.950418,-0.693348,-1.066618,-4.037910,0.101218,3.967832,2.070792,1.346568,-0.026493

-2.579307,3.650474,-1.489438,-0.605788,-1.804607,-0.719506,-0.953038,-4.597578,-0.477348,3.769535,1.628985,1.156392,0.122903

-2.873749,3.379010,-1.353621,-1.029963,-2.343456,-0.713206,-0.845458,-4.622623,-0.531535,3.829298,1.891882,1.302363,-0.185472

-1.778373,2.819584,-1.139023,-0.605081,-1.679984,-0.651355,-1.304711,-4.435660,-0.193663,3.672813,1.707201,1.191446,0.037758

-2.612714,3.309970,-1.861643,-1.059062,-2.113336,-0.837057,-0.514370,-4.092174,-0.154306,4.215520,2.015501,1.291563,0.113679

-1.633422,2.296020,-1.504466,-1.048000,-1.950808,-0.692700,-1.065511,-4.038363,0.100977,3.969302,2.070594,1.346635,-0.027132

-2.212454,3.652191,-1.488349,-0.603685,-1.803940,-0.718747,-0.953379,-4.598910,-0.476471,3.770953,1.629517,1.156150,0.122878

-2.510673,3.380778,-1.354531,-1.031111,-2.345356,-0.712704,-0.843364,-4.621982,-0.532712,3.828680,1.891036,1.303088,-0.184971

-1.415935,2.816795,-1.140511,-0.606808,-1.680890,-0.651919,-1.304605,-4.434327,-0.194410,3.671432,1.707067,1.191346,0.037578

-2.256156,3.307599,-1.861049,-1.059126,-2.112688,-0.837249,-0.514881,-4.092108,-0.153888,4.215794,2.015491,1.291320,0.113450

-1.285887,2.297953,-1.503945,-1.047745,-1.951448,-0.692376,-1.064774,-4.039660,0.101093,3.969165,2.071181,1.345921,-0.026687

-1.870736,3.654611,-1.487671,-0.601840,-1.803339,-0.718075,-0.953833,-4.600116,-0.475508,3.772168,1.629353,1.156250,0.122607

-2.171416,3.381457,-1.354716,-1.030518,-2.346130,-0.713353,-0.842449,-4.621933,-0.533183,3.827994,1.892479,1.302275,-0.184831

-1.076645,2.813915,-1.140800,-0.608765,-1.681506,-0.652438,-1.304237,-4.433174,-0.195139,3.670089,1.707301,1.191442,0.037551

-1.923993,3.306331,-1.861651,-1.058504,-2.112046,-0.837838,-0.515942,-4.091722,-0.153446,4.215754,2.015536,1.291416,0.112463

-0.960616,2.300003,-1.503493,-1.048433,-1.951702,-0.691742,-1.063546,-4.039711,0.100372,3.969678,2.070545,1.346690,-0.026764

-1.549401,3.655131,-1.486457,-0.600000,-1.802519,-0.717327,-0.954412,-4.600827,-0.474563,3.773212,1.629519,1.156902,0.122131

-1.854372,3.383609,-1.355714,-1.031490,-2.346630,-0.713932,-0.840926,-4.621486,-0.534648,3.827950,1.891839,1.302122,-0.183505

-0.759698,2.812409,-1.142068,-0.610004,-1.682459,-0.652128,-1.304268,-4.432280,-0.195114,3.668846,1.707572,1.191387,0.037893

-1.611686,3.304609,-1.861314,-1.057321,-2.111877,-0.838268,-0.516865,-4.092098,-0.152580,4.214952,2.017018,1.289983,0.112579

-0.654495,2.301130,-1.502543,-1.048141,-1.951678,-0.691568,-1.064302,-4.040080,0.099662,3.970210,2.069383,1.347485,-0.027733

-1.247825,3.656251,-1.485099,-0.599221,-1.802255,-0.716455,-0.954902,-4.601728,-0.474212,3.774026,1.629850,1.156168,0.122454

-1.555571,3.384674,-1.355790,-1.032081,-2.346878,-0.714545,-0.838804,-4.621537,-0.535289,3.828446,1.891515,1.303154,-0.183979

-0.460856,2.810674,-1.143177,-0.611414,-1.682892,-0.652680,-1.303998,-4.431026,-0.196036,3.667955,1.707359,1.191507,0.037957

-1.317482,3.303764,-1.861709,-1.057416,-2.110830,-0.838352,-0.518041,-4.091327,-0.152054,4.214557,2.016341,1.290708,0.112755

-0.366649,2.302941,-1.502499,-1.047651,-1.952335,-0.691070,-1.063732,-4.041040,0.099697,3.970683,2.069664,1.346928,-0.027533

-0.963330,3.657711,-1.484909,-0.598173,-1.801543,-0.716062,-0.955018,-4.602544,-0.473535,3.775256,1.629386,1.156928,0.122184

-1.273267,3.385444,-1.356031,-1.031982,-2.347950,-0.714396,-0.838886,-4.621505,-0.536172,3.828447,1.891115,1.303073,-0.184540

-0.178660,2.809312,-1.143822,-0.612116,-1.683302,-0.653057,-1.304153,-4.430275,-0.196229,3.667227,1.707261,1.191610,0.038343

-1.038415,3.301726,-1.860341,-1.058100,-2.110408,-0.838517,-0.518689,-4.090397,-0.153373,4.215919,2.015479,1.291437,0.111860

-0.093272,2.305012,-1.502956,-1.047642,-1.952789,-0.690594,-1.062834,-4.041716,0.100177,3.969389,2.069898,1.346937,-0.026495

-0.694007,3.659213,-1.484723,-0.596566,-1.801427,-0.715780,-0.954830,-4.604002,-0.472429,3.775431,1.629688,1.156845,0.121884

-1.005520,3.386630,-1.357646,-1.031570,-2.349007,-0.714306,-0.838079,-4.620539,-0.537187,3.828430,1.891235,1.302824,-0.183698

0.088742,2.808067,-1.144542,-0.613638,-1.683634,-0.653364,-1.304015,-4.429720,-0.196480,3.666203,1.707168,1.191599,0.038311

-0.774381,3.299994,-1.859402,-1.057787,-2.109063,-0.839519,-0.519748,-4.090682,-0.152740,4.216472,2.015578,1.291352,0.111085

0.165683,2.305954,-1.502371,-1.047118,-1.952455,-0.690932,-1.062896,-4.042101,0.099826,3.970403,2.069827,1.346984,-0.027087

-0.438215,3.660453,-1.484254,-0.595753,-1.800951,-0.715539,-0.955621,-4.604038,-0.472636,3.776840,1.629345,1.156697,0.121799

-0.750436,3.386843,-1.357874,-1.031958,-2.348918,-0.715511,-0.836655,-4.620678,-0.537066,3.827047,1.891781,1.303215,-0.184172

0.343946,2.805428,-1.144445,-0.614595,-1.683532,-0.653960,-1.304045,-4.428691,-0.196624,3.665699,1.707009,1.191662,0.038225

-0.523553,3.299791,-1.860936,-1.057102,-2.109346,-0.839212,-0.519995,-4.090475,-0.151673,4.214846,2.016402,1.290672,0.111885

0.412618,2.307023,-1.501974,-1.047870,-1.953010,-0.690047,-1.062147,-4.041905,0.099486,3.970476,2.069571,1.347007,-0.026730

-0.193589,3.660904,-1.483578,-0.594393,-1.800474,-0.714946,-0.956211,-4.604750,-0.471427,3.777165,1.629518,1.156958,0.121927

-0.509120,3.388774,-1.358210,-1.032997,-2.348969,-0.715952,-0.835662,-4.620403,-0.538040,3.826721,1.891874,1.302291,-0.182546

0.585613,2.804888,-1.145298,-0.615770,-1.684317,-0.653656,-1.303896,-4.428506,-0.196932,3.664572,1.707276,1.192013,0.038225

-0.284851,3.298825,-1.860708,-1.056590,-2.109422,-0.839123,-0.520075,-4.090714,-0.150748,4.214499,2.017832,1.289594,0.111877

0.648040,2.307575,-1.501747,-1.048021,-1.953191,-0.690050,-1.061580,-4.042281,0.098706,3.971163,2.068627,1.347626,-0.027191

0.039303,3.661111,-1.482886,-0.594281,-1.799549,-0.715680,-0.955757,-4.604918,-0.471539,3.777465,1.630062,1.156612,0.122069

-0.277761,3.388659,-1.357968,-1.032283,-2.349625,-0.716330,-0.834828,-4.620734,-0.538669,3.827883,1.891930,1.302931,-0.183692

0.816298,2.804388,-1.146352,-0.615890,-1.684777,-0.654430,-1.303385,-4.427547,-0.197751,3.664409,1.707510,1.191669,0.038335

-0.055556,3.297466,-1.860677,-1.056722,-2.109001,-0.839167,-0.521098,-4.090109,-0.151095,4.214438,2.016846,1.290366,0.111648

0.872663,2.308108,-1.501128,-1.047624,-1.953520,-0.689406,-1.061827,-4.042521,0.099176,3.971247,2.069328,1.347394,-0.027591

0.261256,3.662630,-1.482947,-0.593246,-1.799971,-0.714142,-0.956397,-4.606262,-0.470426,3.777943,1.629251,1.157303,0.121601

-0.057362,3.389542,-1.357965,-1.033241,-2.350939,-0.715126,-0.835100,-4.620359,-0.539147,3.827387,1.891051,1.303159,-0.183118

1.037356,2.803103,-1.146394,-0.616705,-1.684922,-0.653935,-1.303774,-4.427318,-0.197235,3.663820,1.707339,1.191680,0.038952

0.163154,3.296216,-1.859826,-1.057084,-2.108096,-0.839471,-0.521491,-4.089060,-0.151706,4.215798,2.016131,1.291211,0.110738

1.087858,2.309886,-1.501895,-1.047359,-1.953432,-0.689900,-1.061215,-4.043286,0.099321,3.970281,2.069469,1.347031,-0.026816

0.475058,3.663181,-1.483212,-0.592373,-1.798773,-0.714757,-0.956605,-4.606104,-0.470434,3.778816,1.629123,1.157092,0.121681

0.155617,3.390396,-1.359494,-1.032562,-2.351047,-0.716009,-0.833655,-4.619892,-0.539860,3.827422,1.890731,1.303657,-0.183108

1.249219,2.802566,-1.146967,-0.617763,-1.685140,-0.654493,-1.303155,-4.427016,-0.197603,3.663191,1.707326,1.191375,0.038952

MFCC_END 98